0,420
0,419
47,2
0,418
0,417
0,416
0,415
0,414
60,2
0,413
0,412
0,411
0,243
43,2
43,6
43,5
43,4
42,1
42,3
47,5
47,4
39,1
39,3
60,4
0,410
59,4
59,1
59,3
60,5
60,3
35,1
35,3
37,1
37,3
36,1
36,3
38,1
38,3
34,1
34,3
0,273
0,270
3,2
3,1
3,3
10,174
10,66
10,212
10,86
10,152
10,282
10,300
10,2
10,3
11,8
11,20
11,5
11,7
11,16
11,2
11,3
9,7
9,2
9,3
8,11
8,6
8,2
8,3
0,320
12,2
12,1
12,3
20,2
20,1
20,3
19,2
19,1
19,3
18,1
18,3
69,3
14,3
69,2
13,1
69,1
69,0
13,3
68,4
68,3
68,2
68,1
68,0
67,4
67,3
67,2
67,1
67,0
66,5
66,4
66,3
66,2
66,1
66,0
65,3
65,2
65,1
65,0
2,2
64,3
64,2
2,1
64,1
64,0
2,3
63,3
63,2
63,1
